insample
[ 0.45900713  0.41212065  0.42772372  0.59555974  0.59515875  0.65841846
  0.65204191  0.6689851   0.7073046   0.71180229  0.70353958  0.70620976
  0.72851679  0.74354108  0.75312321  0.7518181   0.76695053  0.76723689
  0.76752729  0.7564963   0.76246647  0.7768583   0.7713078   0.77347834
  0.76674754  0.78563981  0.76169001  0.78077003  0.7513099   0.74744329
  0.76820917  0.78769598  0.78307921  0.81429167  0.81075009  0.81962105
  0.80243975  0.77255476  0.80544422  0.79230823  0.78454389  0.81234368
  0.79458931  0.80971683  0.7783676   0.78822628  0.79985923  0.82242852
  0.8150052   0.7831761 ] [ 0.87360483  0.89682947  0.8841387   0.76234173  0.75938955  0.69841491
  0.70100532  0.680994    0.63336354  0.62733491  0.63757841  0.63339036
  0.6029322   0.58019595  0.56515032  0.56748194  0.54361037  0.54168661
  0.54102486  0.55934804  0.54969539  0.52467021  0.53430861  0.53100981
  0.54238198  0.50864761  0.55077711  0.51788107  0.56758701  0.57359982
  0.54030512  0.50516803  0.51336029  0.45158118  0.4592688   0.43964087
  0.47646539  0.5323166   0.47012878  0.49630776  0.51138988  0.45578829
  0.49171993  0.46110059  0.52206908  0.50391573  0.48130563  0.43316602
  0.44988573  0.51323787]
outsample
[ 1.10217781  1.10055645  1.00863618  0.993388    0.92838826  0.87472866
  0.9198476   0.86724263  0.85224604  0.85385944  0.86633371  0.84316022
  0.86463869  0.85589039  0.86802848  0.81735102  0.83321972  0.82471145
  0.8298873   0.85066247  0.79370184  0.79662898  0.78730396  0.82492334
  0.8252375   0.84044223  0.81961868  0.79987059  0.79579658  0.81277179
  0.83723638  0.79501613  0.80767605  0.81955026  0.81701576  0.8247692
  0.79770701  0.7810407   0.82668484  0.82521118  0.7657815   0.83978674
  0.80555527  0.80019498  0.78348551  0.80774108  0.80629191  0.82010456
  0.80674728  0.77780145] [ 0.17844645  0.19520892  0.30937088  0.2371648   0.28925516  0.34532846
  0.33109289  0.34345898  0.33497939  0.39160117  0.33236082  0.34405894
  0.33744662  0.29490775  0.27874134  0.37199434  0.32395286  0.34709681
  0.33434236  0.30281388  0.41228307  0.37167023  0.40810367  0.33706206
  0.33442755  0.29163608  0.35440296  0.37801627  0.41289908  0.38387384
  0.3487402   0.40447525  0.3626051   0.29947292  0.31615758  0.28140756
  0.35630292  0.41221621  0.3145777   0.32485329  0.45656824  0.28178475
  0.33409384  0.34979002  0.42137985  0.33648246  0.33586963  0.29729296
  0.33811546  0.42715235]
